49
16
89
61
22
68
23
19
33
36
90
9
3
97
81
92
72
46
87
15
70
81
65
60
21
21
93
27
27
36
40
55
99
15
65
16
93
33
87
15
23
78
86
91
24
76
84
91
6
26
65
20
58
7
76
60
3
20
74
12
49
17
37
37
24
26
73
19
40
47
94
21
86
19
0
37
6
48
17
62
88
15
98
20
36
38
66
51
67
32
78
53
77
46
25
40
13
92
63
70
44
77
79
71
29
47
27
31
77
17
85
20
95
24
88
100
95
8
91
95
62
24
77
20
72
1
27
49
26
33
88
52
0
93
91
80
38
41
94
22
77
0
89
53
49
64
81
60
47
28
12
23
72
14
58
75
69
100
82
62
60
89
12
80
52
10
34
63
23
14
78
56
77
100
3
