7
49
16
38
89
56
61
89
95
48
76
22
68
23
56
53
19
62
33
96
42
70
44
43
38
90
26
36
75
90
36
89
70
74
88
49
9
77
3
97
85
93
58
22
65
9
5
81
42
56
18
92
28
72
18
46
15
44
16
87
0
95
28
56
52
16
15
4
70
81
45
40
65
42
56
60
21
10
82
29
40
10
0
21
93
27
27
55
52
36
83
40
100
60
24
46
56
99
55
41
99
8
62
15
39
14
27
30
58
93
75
65
51
2
2
16
93
82
33
87
15
99
81
42
81
16
23
78
14
30
54
25
60
52
86
91
24
63
69
76
55
48
54
86
84
91
6
38
4
34
87
11
26
21
35
66
46
55
34
33
25
65
66
25
20
6
89
14
84
62
58
97
7
76
95
13
60
72
3
20
74
81
12
31
49
17
37
14
37
52
16
29
60
87
43
13
24
95
93
26
73
38
19
80
24
40
47
94
71
31
21
86
19
29
0
44
37
55
70
80
6
31
29
36
4
19
93
21
32
66
71
92
48
41
15
47
17
21
32
5
62
88
15
33
59
65
98
98
93
12
12
20
47
36
38
78
25
66
52
62
51
67
31
32
64
17
78
53
89
7
99
77
47
100
46
48
25
22
3
40
13
92
45
63
87
79
53
5
64
10
70
49
100
39
27
59
44
86
77
79
11
53
91
43
26
34
41
71
95
17
68
37
36
29
33
8
47
68
12
27
31
23
26
81
77
14
46
17
31
33
85
20
29
18
54
37
95
24
73
48
76
30
88
100
95
42
17
49
8
91
4
95
30
76
62
35
3
29
24
14
61
54
5
10
18
77
20
72
51
1
13
7
83
58
57
27
49
26
64
33
88
52
0
100
28
89
93
44
91
45
15
62
99
56
5
35
46
35
92
94
17
80
38
41
36
94
22
16
77
94
82
77
0
27
8
7
89
20
81
53
49
64
51
81
25
44
60
9
86
14
99
47
28
12
97
23
94
79
72
14
34
77
37
58
75
47
8
69
12
46
45
100
5
82
62
60
89
60
12
80
92
47
33
26
81
79
95
52
22
10
70
95
34
64
76
95
38
63
55
70
23
14
2
98
61
78
52
56
45
80
77
3
100
33
89
34
40
76
3
8
