38
89
95
48
76
56
96
70
44
43
90
26
36
88
85
58
5
42
56
18
28
18
44
95
28
56
52
16
42
60
24
46
56
99
41
62
27
2
82
99
42
81
14
30
54
25
60
52
63
69
55
54
38
34
87
11
35
66
34
33
25
6
14
84
62
97
13
72
81
31
14
52
16
87
43
95
93
80
24
71
31
70
36
19
93
21
66
92
32
33
65
98
12
25
52
62
31
17
99
47
48
22
3
45
79
53
5
64
10
27
86
53
43
34
17
68
37
33
68
81
46
18
48
42
17
4
30
76
35
3
29
54
5
10
51
13
7
83
58
57
100
28
89
44
45
15
62
56
5
35
46
35
94
94
82
27
8
20
51
44
14
99
37
46
45
92
47
26
81
95
95
55
98
61
52
3
89
76
8
